164
325
487
530
180
11
260
14
421
266
341
198
280
317
153
25
335
13
212
231
517
176
86
9
93
410
491
210
459
142
372
188
405
409
97
368
115
412
58
38
492
108
407
214
167
344
471
160
80
23
274
461
380
91
36
313
232
473
288
392
337
457
480
359
125
505
322
185
56
201
353
62
495
83
27
37
371
339
418
68
301
373
356
379
472
445
237
509
163
350
79
513
111
54
72
120
414
204
527
518
94
377
61
469
47
110
148
438
361
367
254
355
133
184
89
332
395
314
221
535
33
477
420
431
365
135
510
177
49
123
443
127
462
282
286
173
65
507
302
364
444
57
366
114
20
467
215
426
35
169
96
178
334
439
229
506
455
291
504
252
113
154
66
16
141
499
242
207
6
345
328
525
312
107
130
182
263
362
276
331
88
121
171
450
208
283
534
143
118
100
287
200
193
298
324
241
152
217
41
319
442
387
261
145
511
468
55
479
501
381
240
292
400
512
475
460
514
174
432
124
470
147
340
360
244
40
22
502
172
269
464
222
484
275
474
63
285
522
15
295
139
519
338
424
496
3
483
485
224
69
131
307
394
192
78
489
524
264
309
290
195
226
24
73
119
238
29
532
267
391
306
318
196
268
155
248
466
476
191
136
32
385
419
399
92
388
235
378
343
105
132
101
265
51
490
497
316
315
433
374
247
425
303
382
158
323
17
10
219
320
21
428
138
330
239
271
42
206
482
150
447
156
112
342
28
205
4
128
45
448
520
199
70
161
413
168
441
429
411
386
284
348
531
430
437
181
423
347
440
144
194
281
486
223
90
296
234
48
401
7
84
516
183
189
434
404
453
326
12
478
26
243
31
454
370
494
333
76
321
60
71
137
116
67
52
279
39
251
30
104
358
289
397
349
149
352
310
211
503
75
278
122
126
18
228
363
44
202
422
187
458
87
166
435
64
5
81
449
357
146
245
203
117
77
277
8
376
